a: some text
a2:
  a3: some text
a4
b: 42
c: -43,555,348
     c2: -43,555,348
f: 6.283185
g: -2.71828182
g2: -2.718,281,82
h: 3e14
i: -3e-14
i2: -3e-14:
j: 0xFFFF
k: 0xAAAA:FFFF
k: 0xAAAA: FFFF
l: _@*&^%
m: 0b01001001
n: 0b0100:1001
n2: 0b0100: 1001
